500000
Ping Detected
2062
0
0
0
0
0
0
807
3203
4096
4096
4096
4096
4096
4096
4096
3874
1511
0
0
0
0
0
0
0
0
1966
4096
4096
4096
4096
4096
4096
4096
4096
2755
368
0
0
0
0
0
0
0
722
3114
4096
4096
4096
4096
4096
4096
4096
3978
1599
0
0
0
0
0
0
0
0
1871
4096
4096
4096
4096
4096
4096
4096
4096
2858
481
0
0
0
0
0
0
0
673
2991
4096
4096
4096
4096
4096
4096
4096
4090
1692
0
0
0
0
0
0
0
0
1788
4096
4096
4096
4096
4096
4096
4096
4096
2911
537
0
0
0
0
0
0
0
547
2947
4096
4096
4096
4096
4096
4096
4096
4096
1784
0
0
0
0
0
0
0
0
1706
4056
4096
4096
4096
4096
4096
4096
4096
3007
677
0
0
0
0
0
0
0
480
2834
4096
4096
4096
4096
4096
4096
4096
4096
1871
0
0
0
0
0
0
0
0
1604
3948
4096
4096
4096
4096
4096
4096
4096
3147
745
0
0
0
0
0
0
0
383
2800
4096
4096
4096
4096
4096
4096
4096
4096
1982
0
0
0
0
0
0
0
0
1519
3898
4096
4096
4096
4096
4096
4096
4096
3149
812
0
0
0
0
0
0
0
269
2639
4096
4096
4096
4096
4096
4096
4096
4096
2043
0
0
0
0
0
0
0
0
1437
3820
4096
4096
4096
4096
4096
4096
4096
3290
873
0
0
0
0
0
0
0
209
2562
4096
4096
4096
4096
4096
4096
4096
4096
2132
0
0
0
0
0
0
0
0
1355
3720
4096
4096
4096
4096
4096
4096
4096
3388
1001
0
0
0
0
0
0
0
114
2520
4096
4096
4096
4096
4096
4096
4096
4096
2209
0
0
0
0
0
0
0
0
1263
3579
4096
4096
4096
4096
4096
4096
4096
3431
1077
0
0
0
0
0
0
0
11
2382
4096
4096
4096
4096
4096
4096
4096
4096
2312
0
0
0
0
0
0
0
0
1163
3532
4096
4096
4096
4096
4096
4096
4096
3569
1161
0
0
0
0
0
0
0
0
2320
4096
4096
4096
4096
4096
4096
4096
4096
2395
65
0
0
0
0
0
0
0
1033
3470
4096
4096
4096
4096
4096
4096
4096
3657
1230
0
0
0
0
0
0
0
0
2223
4096
4096
4096
4096
4096
4096
4096
4096
2516
128
0
0
0
0
0
0
0
1004
3397
4096
4096
4096
4096
4096
4096
4096
3741
1360
0
0
0
0
0
0
0
0
2158
4096
4096
4096
4096
4096
4096
4096
4096
2576
228
0
0
0
0
0
0
0
936
3245
4096
4096
4096
4096
4096
4096
4096
3832
1414
0
0
0
0
0
0
0
0
2092
4096
4096
4096
4096
4096
4096
4096
4096
2675
313
0
0
0
0
0
0
0
827
3218
4096
4096
4096
4096
4096
4096
4096
3878
1512
0
0
0
0
0
0
0
0
1942
4096
4096
4096
4096
4096
4096
4096
4096
2754
404
0
0
0
0
0
0
0
760
3109
4096
4096
4096
4096
4096
4096
4096
3947
1621
0
0
0
0
0
0
0
0
1861
4096
4096
4096
4096
4096
4096
4096
4096
2882
460
0
0
0
0
0
0
0
648
2999
4096
4096
4096
4096
4096
4096
4096
4033
1705
0
0
0
0
0
0
0
0
1808
4096
4096
4096
4096
4096
4096
4096
4096
2942
570
0
0
0
0
0
0
0
568
2930
4096
4096
4096
4096
4096
4096
4096
4096
1802
0
0
0
0
0
0
0
0
1670
4040
4096
4096
4096
4096
4096
4096
4096
2990
666
0
0
0
0
0
0
0
473
2868
4096
4096
4096
4096
4096
4096
4096
4096
1899
0
0
0
0
0
0
0
0
1599
3988
4096
4096
4096
4096
4096
4096
4096
3117
751
0
0
0
0
0
0
0
370
2759
4096
4096
4096
4096
4096
4096
4096
4096
1977
0
0
0
0
0
0
0
0
1547
3878
4096
4096
4096
4096
4096
4096
4096
3169
808
0
0
0
0
0
0
0
293
2647
4096
4096
4096
4096
4096
4096
4096
4096
2032
0
0
0
0
0
0
0
0
1405
3832
4096
4096
4096
4096
4096
4096
4096
3273
968
0
0
0
0
0
0
0
191
2558
4096
4096
4096
4096
4096
4096
4096
4096
2140
0
0
0
0
0
0
0
0
1369
3715
4096
4096
4096
4096
4096
4096
4096
3338
978
0
0
0
0
0
0
0
116
2494
4096
4096
4096
4096
4096
4096
4096
4096
2230
0
0
0
0
0
0
0
0
1257
3638
4096
4096
4096
4096
4096
4096
4096
3431
1073
0
0
0
0
0
0
0
51
2422
4096
4096
4096
4096
4096
4096
4096
4096
2315
0
0
0
0
0
0
0
0
1159
3540
4096
4096
4096
4096
4096
4096
4096
3535
1172
0
0
0
0
0
0
0
0
2318
4096
4096
4096
4096
4096
4096
4096
4096
2382
39
0
0
0
0
0
0
0
1096
3428
4096
4096
4096
4096
4096
4096
4096
3630
1239
0
0
0
0
0
0
0
0
2240
4096
4096
4096
4096
4096
4096
4096
4096
2477
137
0
0
0
0
0
0
0
1009
3386
4096
4096
4096
4096
4096
4096
4096
3678
1355
0
0
0
0
0
0
0
0
2137
4096
4096
4096
4096
4096
4096
4096
4096
2536
183
0
0
0
0
0
0
0
926
3304
4096
4096
4096
4096
4096
4096
4096
3819
1362
0
0
0
0
0
0
0
0
2067
4096
4096
4096
4096
4096
4096
4096
4096
2663
333
0
0
0
0
0
0
0
820
3182
4096
4096
4096
4096
4096
4096
4096
3856
1509
0
0
0
0
0
0
0
0
1930
4096
4096
4096
4096
4096
4096
4096
4096
2745
366
0
0
0
0
0
0
0
759
3110
4096
4096
4096
4096
4096
4096
4096
3963
1600
0
0
0
0
0
0
0
0
1869
4096
4096
4096
4096
4096
4096
4096
4096
2843
507
0
0
0
0
0
0
0
637
3043
4096
4096
4096
4096
4096
4096
4096
4067
1651
0
0
0
0
0
0
0
0
1809
4096
4096
4096
4096
4096
4096
4096
4096
2907
570
0
0
0
0
0
0
0
557
2935
4096
4096
4096
4096
4096
4096
4096
4096
1774
0
0
0
0
0
0
0
0
1684
4020
4096
4096
4096
4096
4096
4096
4096
2992
618
0
0
0
0
0
0
0
470
2814
4096
4096
4096
4096
4096
4096
4096
4096
1872
0
0
0
0
0
0
0
0
1615
3975
4096
4096
4096
4096
4096
4096
4096
3132
765
0
0
0
0
0
0
0
384
2770
4096
4096
4096
4096
4096
4096
4096
4096
1969
0
0
0
0
0
0
0
0
1518
3919
4096
4096
4096
4096
4096
4096
4096
3185
822
0
0
0
0
0
0
0
273
2650
4096
4096
4096
4096
4096
4096
4096
4096
2018
0
0
0
0
0
0
0
0
1448
3774
4096
4096
4096
4096
4096
4096
4096
3273
913
0
0
0
0
0
0
0
215
2576
4096
4096
4096
4096
4096
4096
4096
4096
2143
0
0
0
0
0
0
0
0
1370
3685
4096
4096
4096
4096
4096
4096
4096
3361
994
0
0
0
0
0
0
0
121
2481
4096
4096
4096
4096
4096
4096
4096
4096
2255
0
0
0
0
0
0
0
0
1248
3621
4096
4096
4096
4096
4096
4096
4096
3438
1080
0
0
0
0
0
0
0
46
2425
4096
4096
4096
4096
4096
4096
4096
4096
2306
0
0
0
0
0
0
0
0
1160
3516
4096
4096
4096
4096
4096
4096
4096
3558
1172
0
0
0
0
0
0
0
0
2305
4096
4096
4096
4096
4096
4096
4096
4096
2423
30
0
0
0
0
0
0
0
1094
3429
4096
4096
4096
4096
4096
4096
4096
3604
1232
0
0
0
0
0
0
0
0
2240
4096
4096
4096
4096
4096
4096
4096
4096
2505
116
0
0
0
0
0
0
0
971
3349
4096
4096
4096
4096
4096
4096
4096
3709
1354
0
0
0
0
0
0
0
0
2145
4096
4096
4096
4096
4096
4096
4096
4096
2576
218
0
0
0
0
0
0
0
895
3300
4096
4096
4096
4096
4096
4096
4096
3818
1438
0
0
0
0
0
0
0
0
2027

2047
0
0
0
0
0
0
830
3188
4096
4096
4096
4096
4096
4096
4096
3887
1524
0
0
0
0
0
0
0
0
1961
4096
4096
4096
4096
4096
4096
4096
4096
2734
376
0
0
0
0
0
0
0
748
3118
4096
4096
4096
4096
4096
4096
4096
3958
1573
0
0
0
0
0
0
0
0
1887
4096
4096
4096
4096
4096
4096
4096
4096
2815
468
0
0
0
0
0
0
0
618
3027
4096
4096
4096
4096
4096
4096
4096
4085
1708
0
0
0
0
0
0
0
0
1815
4096
4096
4096
4096
4096
4096
4096
4096
2900
547
0
0
0
0
0
0
0
537
2923
4096
4096
4096
4096
4096
4096
4096
4096
1766
0
0
0
0
0
0
0
0
1676
4057
4096
4096
4096
4096
4096
4096
4096
2999
614
0
0
0
0
0
0
0
448
2863
4096
4096
4096
4096
4096
4096
4096
4096
1881
0
0
0
0
0
0
0
0
1581
3987
4096
4096
4096
4096
4096
4096
4096
3085
737
0
0
0
0
0
0
0
358
2753
4096
4096
4096
4096
4096
4096
4096
4096
1939
0
0
0
0
0
0
0
0
1523
3884
4096
4096
4096
4096
4096
4096
4096
3220
839
0
0
0
0
0
0
0
328
2641
4096
4096
4096
4096
4096
4096
4096
4096
2033
0
0
0
0
0
0
0
0
1423
3818
4096
4096
4096
4096
4096
4096
4096
3306
892
0
0
0
0
0
0
0
192
2588
4096
4096
4096
4096
4096
4096
4096
4096
2109
0
0
0
0
0
0
0
0
1345
3731
4096
4096
4096
4096
4096
4096
4096
3349
945
0
0
0
0
0
0
0
112
2513
4096
4096
4096
4096
4096
4096
4096
4096
2214
0
0
0
0
0
0
0
0
1257
3614
4096
4096
4096
4096
4096
4096
4096
3456
1052
0
0
0
0
0
0
0
31
2391
4096
4096
4096
4096
4096
4096
4096
4096
2324
0
0
0
0
0
0
0
0
1171
3525
4096
4096
4096
4096
4096
4096
4096
3556
1163
0
0
0
0
0
0
0
0
2296
4096
4096
4096
4096
4096
4096
4096
4096
2371
0
0
0
0
0
0
0
0
1091
3465
4096
4096
4096
4096
4096
4096
4096
3654
1252
0
0
0
0
0
0
0
0
2227
4096
4096
4096
4096
4096
4096
4096
4096
2464
94
0
0
0
0
0
0
0
981
3352
4096
4096
4096
4096
4096
4096
4096
3683
1316
0
0
0
0
0
0
0
0
2147
4096
4096
4096
4096
4096
4096
4096
4096
2610
198
0
0
0
0
0
0
0
926
3302
4096
4096
4096
4096
4096
4096
4096
3767
1441
0
0
0
0
0
0
0
0
2073
4096
4096
4096
4096
4096
4096
4096
4096
2645
289
0
0
0
0
0
0
0
797
3205
4096
4096
4096
4096
4096
4096
4096
3883
1496
0
0
0
0
0
0
0
0
1943
4096
4096
4096
4096
4096
4096
4096
4096
2748
378
0
0
0
0
0
0
0
733
3099
4096
4096
4096
4096
4096
4096
4096
3952
1621
0
0
0
0
0
0
0
0
1844
4096
4096
4096
4096
4096
4096
4096
4096
2814
476
0
0
0
0
0
0
0
650
3029
4096
4096
4096
4096
4096
4096
4096
4085
1667
0
0
0
0
0
0
0
0
1762
4096
4096
4096
4096
4096
4096
4096
4096
2909
589
0
0
0
0
0
0
0
576
2926
4096
4096
4096
4096
4096
4096
4096
4096
1802
0
0
0
0
0
0
0
0
1680
4028
4096
4096
4096
4096
4096
4096
4096
3045
656
0
0
0
0
0
0
0
452
2836
4096
4096
4096
4096
4096
4096
4096
4096
1894
0
0
0
0
0
0
0
0
1608
3955
4096
4096
4096
4096
4096
4096
4096
3129
727
0
0
0
0
0
0
0
390
2749
4096
4096
4096
4096
4096
4096
4096
4096
1972
0
0
0
0
0
0
0
0
1552
3911
4096
4096
4096
4096
4096
4096
4096
3162
829
0
0
0
0
0
0
0
302
2630
4096
4096
4096
4096
4096
4096
4096
4096
2073
0
0
0
0
0
0
0
0
1425
3798
4096
4096
4096
4096
4096
4096
4096
3298
916
0
0
0
0
0
0
0
218
2583
4096
4096
4096
4096
4096
4096
4096
4096
2139
0
0
0
0
0
0
0
0
1335
3737
4096
4096
4096
4096
4096
4096
4096
3364
993
0
0
0
0
0
0
0
138
2477
4096
4096
4096
4096
4096
4096
4096
4096
2245
0
0
0
0
0
0
0
0
1224
3651
4096
4096
4096
4096
4096
4096
4096
3464
1072
0
0
0
0
0
0
0
35
2408
4096
4096
4096
4096
4096
4096
4096
4096
2299
0
0
0
0
0
0
0
0
1184
3546
4096
4096
4096
4096
4096
4096
4096
3508
1177
0
0
0
0
0
0
0
0
2302
4096
4096
4096
4096
4096
4096
4096
4096
2407
13
0
0
0
0
0
0
0
1078
3462
4096
4096
4096
4096
4096
4096
4096
3611
1237
0
0
0
0
0
0
0
0
2204
4096
4096
4096
4096
4096
4096
4096
4096
2465
105
0
0
0
0
0
0
0
969
3394
4096
4096
4096
4096
4096
4096
4096
3737
1340
0
0
0
0
0
0
0
0
2121
4096
4096
4096
4096
4096
4096
4096
4096
2539
197
0
0
0
0
0
0
0
912
3265
4096
4096
4096
4096
4096
4096
4096
3807
1457
0
0
0
0
0
0
0
0
2026
4096
4096
4096
4096
4096
4096
4096
4096
2664
269
0
0
0
0
0
0
0
794
3222
4096
4096
4096
4096
4096
4096
4096
3909
1512
0
0
0
0
0
0
0
0
1959
4096
4096
4096
4096
4096
4096
4096
4096
2752
382
0
0
0
0
0
0
0
733
3099
4096
4096
4096
4096
4096
4096
4096
3980
1642
0
0
0
0
0
0
0
0
1856
4096
4096
4096
4096
4096
4096
4096
4096
2830
496
0
0
0
0
0
0
0
653
2949
4096
4096
4096
4096
4096
4096
4096
4070
1696
0
0
0
0
0
0
0
0
1798
4096
4096
4096
4096
4096
4096
4096
4096
2918
589
0
0
0
0
0
0
0
563
2962
4096
4096
4096
4096
4096
4096
4096
4096
1788
0
0
0
0
0
0
0
0
1695
4035
4096
4096
4096
4096
4096
4096
4096
3041
659
0
0
0
0
0
0
0
490
2826
4096
4096
4096
4096
4096
4096
4096
4096
1882
0
0
0
0
0
0
0
0
1612
3965
4096
4096
4096
4096
4096
4096
4096
3085
760
0
0
0
0
0
0
0
391
2741
4096
4096
4096
4096
4096
4096
4096
4096
1977
0
0
0
0
0
0
0
0
1523
3878
4096
4096
4096
4096
4096
4096
4096
3187
823
0
0
0
0
0
0
0
291
2671
4096
4096
4096
4096
4096
4096
4096
4096
2066
0
0
0
0
0
0
0
0
1466
3766
4096
4096
4096
4096
4096
4096
4096
3254
880
0
0
0
0
0
0
0
212
2608
4096
4096
4096
4096
4096
4096
4096
4096
2115
0
0
0
0
0
0
0
0
1347
3723
4096
4096
4096
4096
4096
4096
4096
3385
995
0
0
0
0
0
0
0
150
2510
4096
4096
4096
4096
4096
4096
4096
4096
2254
0
0
0
0
0
0
0
0
1300
3620
4096
4096
4096
4096
4096
4096
4096
3490
1100
0
0
0
0
0
0
0
54
2377
4096
4096
4096
4096
4096
4096
4096
4096
2314
0
0
0
0
0
0
0
0
1166
3547
4096
4096
4096
4096
4096
4096
4096
3563
1167
0
0
0
0
0
0
0
0
2306
4096
4096
4096
4096
4096
4096
4096
4096
2397
40
0
0
0
0
0
0
0
1054
3457
4096
4096
4096
4096
4096
4096
4096
3636
1241
0
0
0
0
0
0
0
0
2235
4096
4096
4096
4096
4096
4096
4096
4096
2485
103
0
0
0
0
0
0
0
945
3443
4096
4096
4096
4096
4096
4096
4096
3691
1335
0
0
0
0
0
0
0
0
2133
4096
4096
4096
4096
4096
4096
4096
4096
2582
200
0
0
0
0
0
0
0
931
3290
4096
4096
4096
4096
4096
4096
4096
3793
1410
0
0
0
0
0
0
0
0
2059

2055
0
0
0
0
0
0
815
3205
4096
4096
4096
4096
4096
4096
4096
3888
1547
0
0
0
0
0
0
0
0
1993
4096
4096
4096
4096
4096
4096
4096
4096
2768
409
0
0
0
0
0
0
0
767
3095
4096
4096
4096
4096
4096
4096
4096
3964
1608
0
0
0
0
0
0
0
0
1813
4096
4096
4096
4096
4096
4096
4096
4096
2852
456
0
0
0
0
0
0
0
661
3031
4096
4096
4096
4096
4096
4096
4096
4074
1705
0
0
0
0
0
0
0
0
1790
4096
4096
4096
4096
4096
4096
4096
4096
2972
529
0
0
0
0
0
0
0
561
2937
4096
4096
4096
4096
4096
4096
4096
4096
1773
0
0
0
0
0
0
0
0
1696
4008
4096
4096
4096
4096
4096
4096
4096
3014
646
0
0
0
0
0
0
0
462
2858
4096
4096
4096
4096
4096
4096
4096
4096
1871
0
0
0
0
0
0
0
0
1573
3957
4096
4096
4096
4096
4096
4096
4096
3112
702
0
0
0
0
0
0
0
388
2758
4096
4096
4096
4096
4096
4096
4096
4096
1951
0
0
0
0
0
0
0
0
1514
3922
4096
4096
4096
4096
4096
4096
4096
3188
856
0
0
0
0
0
0
0
266
2661
4096
4096
4096
4096
4096
4096
4096
4096
2037
0
0
0
0
0
0
0
0
1437
3805
4096
4096
4096
4096
4096
4096
4096
3260
873
0
0
0
0
0
0
0
201
2582
4096
4096
4096
4096
4096
4096
4096
4096
2115
0
0
0
0
0
0
0
0
1326
3721
4096
4096
4096
4096
4096
4096
4096
3387
957
0
0
0
0
0
0
0
105
2490
4096
4096
4096
4096
4096
4096
4096
4096
2216
0
0
0
0
0
0
0
0
1267
3605
4096
4096
4096
4096
4096
4096
4096
3465
1115
0
0
0
0
0
0
0
26
2397
4096
4096
4096
4096
4096
4096
4096
4096
2311
0
0
0
0
0
0
0
0
1183
3538
4096
4096
4096
4096
4096
4096
4096
3535
1173
0
0
0
0
0
0
0
0
2333
4096
4096
4096
4096
4096
4096
4096
4096
2418
53
0
0
0
0
0
0
0
1109
3454
4096
4096
4096
4096
4096
4096
4096
3640
1229
0
0
0
0
0
0
0
0
2259
4096
4096
4096
4096
4096
4096
4096
4096
2496
110
0
0
0
0
0
0
0
988
3359
4096
4096
4096
4096
4096
4096
4096
3720
1380
0
0
0
0
0
0
0
0
2138
4096
4096
4096
4096
4096
4096
4096
4096
2571
201
0
0
0
0
0
0
0
921
3300
4096
4096
4096
4096
4096
4096
4096
3754
1442
0
0
0
0
0
0
0
0
2097
4096
4096
4096
4096
4096
4096
4096
4096
2651
316
0
0
0
0
0
0
0
791
3209
4096
4096
4096
4096
4096
4096
4096
3882
1534
0
0
0
0
0
0
0
0
2002
4096
4096
4096
4096
4096
4096
4096
4096
2765
369
0
0
0
0
0
0
0
757
3095
4096
4096
4096
4096
4096
4096
4096
3951
1614
0
0
0
0
0
0
0
0
1883
4096
4096
4096
4096
4096
4096
4096
4096
2812
450
0
0
0
0
0
0
0
655
3034
4096
4096
4096
4096
4096
4096
4096
4049
1662
0
0
0
0
0
0
0
0
1727
4096
4096
4096
4096
4096
4096
4096
4096
2922
554
0
0
0
0
0
0
0
569
2942
4096
4096
4096
4096
4096
4096
4096
4096
1746
0
0
0
0
0
0
0
0
1675
4059
4096
4096
4096
4096
4096
4096
4096
3061
665
0
0
0
0
0
0
0
455
2842
4096
4096
4096
4096
4096
4096
4096
4096
1889
0
0
0
0
0
0
0
0
1629
3973
4096
4096
4096
4096
4096
4096
4096
3093
712
0
0
0
0
0
0
0
360
2722
4096
4096
4096
4096
4096
4096
4096
4096
1940
0
0
0
0
0
0
0
0
1515
3866
4096
4096
4096
4096
4096
4096
4096
3182
810
0
0
0
0
0
0
0
248
2678
4096
4096
4096
4096
4096
4096
4096
4096
2044
0
0
0
0
0
0
0
0
1426
3811
4096
4096
4096
4096
4096
4096
4096
3268
952
0
0
0
0
0
0
0
211
2603
4096
4096
4096
4096
4096
4096
4096
4096
2123
0
0
0
0
0
0
0
0
1348
3726
4096
4096
4096
4096
4096
4096
4096
3350
1014
0
0
0
0
0
0
0
149
2511
4096
4096
4096
4096
4096
4096
4096
4096
2200
0
0
0
0
0
0
0
0
1278
3682
4096
4096
4096
4096
4096
4096
4096
3421
1081
0
0
0
0
0
0
0
54
2400
4096
4096
4096
4096
4096
4096
4096
4096
2343
0
0
0
0
0
0
0
0
1154
3573
4096
4096
4096
4096
4096
4096
4096
3535
1188
0
0
0
0
0
0
0
0
2320
4096
4096
4096
4096
4096
4096
4096
4096
2421
21
0
0
0
0
0
0
0
1077
3460
4096
4096
4096
4096
4096
4096
4096
3634
1242
0
0
0
0
0
0
0
0
2202
4096
4096
4096
4096
4096
4096
4096
4096
2497
113
0
0
0
0
0
0
0
994
3356
4096
4096
4096
4096
4096
4096
4096
3719
1350
0
0
0
0
0
0
0
0
2155
4096
4096
4096
4096
4096
4096
4096
4096
2604
206
0
0
0
0
0
0
0
940
3280
4096
4096
4096
4096
4096
4096
4096
3759
1401
0
0
0
0
0
0
0
0
2023
4096
4096
4096
4096
4096
4096
4096
4096
2663
290
0
0
0
0
0
0
0
829
3211
4096
4096
4096
4096
4096
4096
4096
3855
1524
0
0
0
0
0
0
0
0
1944
4096
4096
4096
4096
4096
4096
4096
4096
2772
382
0
0
0
0
0
0
0
772
3102
4096
4096
4096
4096
4096
4096
4096
3954
1618
0
0
0
0
0
0
0
0
1858
4096
4096
4096
4096
4096
4096
4096
4096
2824
489
0
0
0
0
0
0
0
647
3015
4096
4096
4096
4096
4096
4096
4096
4061
1710
0
0
0
0
0
0
0
0
1799
4096
4096
4096
4096
4096
4096
4096
4096
2946
559
0
0
0
0
0
0
0
577
2957
4096
4096
4096
4096
4096
4096
4096
4096
1782
0
0
0
0
0
0
0
0
1767
4048
4096
4096
4096
4096
4096
4096
4096
3031
620
0
0
0
0
0
0
0
468
2849
4096
4096
4096
4096
4096
4096
4096
4096
1901
0
0
0
0
0
0
0
0
1598
3989
4096
4096
4096
4096
4096
4096
4096
3111
704
0
0
0
0
0
0
0
405
2743
4096
4096
4096
4096
4096
4096
4096
4096
1974
0
0
0
0
0
0
0
0
1514
3897
4096
4096
4096
4096
4096
4096
4096
3179
814
0
0
0
0
0
0
0
279
2683
4096
4096
4096
4096
4096
4096
4096
4096
2063
0
0
0
0
0
0
0
0
1401
3812
4096
4096
4096
4096
4096
4096
4096
3258
902
0
0
0
0
0
0
0
200
2538
4096
4096
4096
4096
4096
4096
4096
4096
2141
0
0
0
0
0
0
0
0
1351
3729
4096
4096
4096
4096
4096
4096
4096
3378
995
0
0
0
0
0
0
0
127
2476
4096
4096
4096
4096
4096
4096
4096
4096
2231
0
0
0
0
0
0
0
0
1279
3600
4096
4096
4096
4096
4096
4096
4096
3462
1092
0
0
0
0
0
0
0
39
2437
4096
4096
4096
4096
4096
4096
4096
4096
2293
0
0
0
0
0
0
0
0
1155
3532
4096
4096
4096
4096
4096
4096
4096
3523
1162
0
0
0
0
0
0
0
0
2377
4096
4096
4096
4096
4096
4096
4096
4096
2395
34
0
0
0
0
0
0
0
1080
3455
4096
4096
4096
4096
4096
4096
4096
3640
1273
0
0
0
0
0
0
0
0
2234
4096
4096
4096
4096
4096
4096
4096
4096
2489
103
0
0
0
0
0
0
0
1008
3365
4096
4096
4096
4096
4096
4096
4096
3738
1327
0
0
0
0
0
0
0
0
2105
4096
4096
4096
4096
4096
4096
4096
4096
2560
206
0
0
0
0
0
0
0
920
3274
4096
4096
4096
4096
4096
4096
4096
3761
1434
0
0
0
0
0
0
0
0
2025

Ping Detected
2074
4096
4096
4096
4096
4096
4096
4096
4096
2694
299
0
0
0
0
0
0
0
807
3199
4096
4096
4096
4096
4096
4096
4096
3869
1520
0
0
0
0
0
0
0
0
1938
4096
4096
4096
4096
4096
4096
4096
4096
2765
412
0
0
0
0
0
0
0
734
3154
4096
4096
4096
4096
4096
4096
4096
3968
1629
0
0
0
0
0
0
0
0
1887
4096
4096
4096
4096
4096
4096
4096
4096
2880
452
0
0
0
0
0
0
0
649
3020
4096
4096
4096
4096
4096
4096
4096
4058
1716
0
0
0
0
0
0
0
0
1776
4096
4096
4096
4096
4096
4096
4096
4096
2964
608
0
0
0
0
0
0
0
556
2922
4096
4096
4096
4096
4096
4096
4096
4096
1754
0
0
0
0
0
0
0
0
1708
4043
4096
4096
4096
4096
4096
4096
4096
3034
621
0
0
0
0
0
0
0
465
2848
4096
4096
4096
4096
4096
4096
4096
4096
1847
0
0
0
0
0
0
0
0
1590
3984
4096
4096
4096
4096
4096
4096
4096
3105
745
0
0
0
0
0
0
0
406
2737
4096
4096
4096
4096
4096
4096
4096
4096
1968
0
0
0
0
0
0
0
0
1553
3865
4096
4096
4096
4096
4096
4096
4096
3182
813
0
0
0
0
0
0
0
300
2682
4096
4096
4096
4096
4096
4096
4096
4096
2074
0
0
0
0
0
0
0
0
1446
3765
4096
4096
4096
4096
4096
4096
4096
3281
911
0
0
0
0
0
0
0
208
2560
4096
4096
4096
4096
4096
4096
4096
4096
2157
0
0
0
0
0
0
0
0
1338
3712
4096
4096
4096
4096
4096
4096
4096
3397
999
0
0
0
0
0
0
0
120
2459
4096
4096
4096
4096
4096
4096
4096
4096
2196
0
0
0
0
0
0
0
0
1237
3667
4096
4096
4096
4096
4096
4096
4096
3472
1044
0
0
0
0
0
0
0
54
2410
4096
4096
4096
4096
4096
4096
4096
4096
2324
0
0
0
0
0
0
0
0
1138
3548
4096
4096
4096
4096
4096
4096
4096
3557
1145
0
0
0
0
0
0
0
0
2314
4096
4096
4096
4096
4096
4096
4096
4096
2444
40
0
0
0
0
0
0
0
1093
3483
4096
4096
4096
4096
4096
4096
4096
3617
1258
0
0
0
0
0
0
0
0
2244
4096
4096
4096
4096
4096
4096
4096
4096
2490
115
0
0
0
0
0
0
0
961
3363
4096
4096
4096
4096
4096
4096
4096
3760
1356
0
0
0
0
0
0
0
0
2121
4096
4096
4096
4096
4096
4096
4096
4096
2604
209
0
0
0
0
0
0
0
932
3285
4096
4096
4096
4096
4096
4096
4096
3822
1452
0
0
0
0
0
0
0
0
2068
4096
4096
4096
4096
4096
4096
4096
4096
2678
308
0
0
0
0
0
0
0
776
3179
4096
4096
4096
4096
4096
4096
4096
3868
1510
0
0
0
0
0
0
0
0
1923
4096
4096
4096
4096
4096
4096
4096
4096
2741
385
0
0
0
0
0
0
0
698
3122
4096
4096
4096
4096
4096
4096
4096
3967
1598
0
0
0
0
0
0
0
0
1849
4096
4096
4096
4096
4096
4096
4096
4096
2836
447
0
0
0
0
0
0
0
631
3011
4096
4096
4096
4096
4096
4096
4096
4041
1668
0
0
0
0
0
0
0
0
1769
4096
4096
4096
4096
4096
4096
4096
4096
2938
562
0
0
0
0
0
0
0
571
2919
4096
4096
4096
4096
4096
4096
4096
4096
1784
0
0
0
0
0
0
0
0
1654
4075
4096
4096
4096
4096
4096
4096
4096
3014
672
0
0
0
0
0
0
0
472
2828
4096
4096
4096
4096
4096
4096
4096
4096
1854
0
0
0
0
0
0
0
0
1603
3987
4096
4096
4096
4096
4096
4096
4096
3095
719
0
0
0
0
0
0
0
384
2727
4096
4096
4096
4096
4096
4096
4096
4096
1991
0
0
0
0
0
0
0
0
1517
3888
4096
4096
4096
4096
4096
4096
4096
3155
809
0
0
0
0
0
0
73
1180
2331
3505
4096
4096
4096
4096
4096
4096
3233
2052
895
0
0
0
0
0
0
586
1733
2945
3994
4096
4096
4096
4096
4096
3823
2688
1459
365
0
0
0
0
0
50
1124
2321
3463
4096
4096
4096
4096
4096
4096
3242
2051
891
0
0
0
0
0
0
577
1678
2879
3997
4096
4096
4096
4096
4096
3827
2699
1530
367
0
0
0
0
0
36
1062
2251
3449
4096
4096
4096
4096
4096
4096
3294
2159
962
0
0
0
0
0
0
508
1615
2841
3935
4096
4096
4096
4096
4096
3838
2719
1593
434
0
0
0
0
0
11
1065
2238
3402
4096
4096
4096
4096
4096
4096
3358
2175
1004
0
0
0
0
0
0
416
1581
2811
3906
4096
4096
4096
4096
4096
3901
2803
1610
487
0
0
0
0
0
0
1019
2163
3342
4096
4096
4096
4096
4096
4096
3420
2211
1062
2
0
0
0
0
0
472
1582
2736
3850
4096
4096
4096
4096
4096
3925
2831
1672
497
0
0
0
0
0
0
988
2132
3290
4096
4096
4096
4096
4096
4096
3412
2254
1098
25
0
0
0
0
0
394
1485
2679
3833
4096
4096
4096
4096
4096
3992
2876
1702
557
0
0
0
0
0
0
918
2138
3287
4096
4096
4096
4096
4096
4096
3497
2309
1118
46
0
0
0
0
0
355
1463
2671
3778
4096
4096
4096
4096
4096
4002
2892
1713
1319
850
500
303
308
543
918
1474
2034
2623
3166
3556
3747
3829
3616
3298
2768
2209

2060
4096
4096
4096
4096
4096
4096
4096
4096
2674
303
0
0
0
0
0
0
0
840
3218
4096
4096
4096
4096
4096
4096
4096
3898
1489
0
0
0
0
0
0
0
0
1999
4096
4096
4096
4096
4096
4096
4096
4096
2749
365
0
0
0
0
0
0
0
748
3104
4096
4096
4096
4096
4096
4096
4096
3988
1619
0
0
0
0
0
0
0
0
1857
4096
4096
4096
4096
4096
4096
4096
4096
2850
466
0
0
0
0
0
0
0
655
3021
4096
4096
4096
4096
4096
4096
4096
4010
1648
0
0
0
0
0
0
0
0
1794
4096
4096
4096
4096
4096
4096
4096
4096
2966
589
0
0
0
0
0
0
0
555
2932
4096
4096
4096
4096
4096
4096
4096
4096
1818
0
0
0
0
0
0
0
0
1636
4051
4096
4096
4096
4096
4096
4096
4096
3020
646
0
0
0
0
0
0
0
465
2855
4096
4096
4096
4096
4096
4096
4096
4096
1890
0
0
0
0
0
0
0
0
1576
3917
4096
4096
4096
4096
4096
4096
4096
3085
745
0
0
0
0
0
0
0
393
2733
4096
4096
4096
4096
4096
4096
4096
4096
1934
0
0
0
0
0
0
0
0
1488
3856
4096
4096
4096
4096
4096
4096
4096
3153
822
0
0
0
0
0
0
0
262
2695
4096
4096
4096
4096
4096
4096
4096
4096
2054
0
0
0
0
0
0
0
0
1406
3816
4096
4096
4096
4096
4096
4096
4096
3244
909
0
0
0
0
0
0
0
238
2573
4096
4096
4096
4096
4096
4096
4096
4096
2115
0
0
0
0
0
0
0
0
1336
3716
4096
4096
4096
4096
4096
4096
4096
3328
962
0
0
0
0
0
0
0
165
2516
4096
4096
4096
4096
4096
4096
4096
4096
2249
0
0
0
0
0
0
0
0
1255
3626
4096
4096
4096
4096
4096
4096
4096
3438
1083
0
0
0
0
0
0
0
12
2425
4096
4096
4096
4096
4096
4096
4096
4096
2319
0
0
0
0
0
0
0
0
1161
3528
4096
4096
4096
4096
4096
4096
4096
3538
1142
0
0
0
0
0
0
0
0
2330
4096
4096
4096
4096
4096
4096
4096
4096
2339
58
0
0
0
0
0
0
0
1081
3455
4096
4096
4096
4096
4096
4096
4096
3623
1232
0
0
0
0
0
0
0
0
2279
4096
4096
4096
4096
4096
4096
4096
4096
2531
117
0
0
0
0
0
0
0
966
3365
4096
4096
4096
4096
4096
4096
4096
3711
1346
0
0
0
0
0
0
0
0
2133
4096
4096
4096
4096
4096
4096
4096
4096
2552
193
0
0
0
0
0
0
0
900
3314
4096
4096
4096
4096
4096
4096
4096
3769
1399
0
0
0
0
0
0
0
0
2038
4096
4096
4096
4096
4096
4096
4096
4096
2663
306
0
0
0
0
0
0
0
820
3184
4096
4096
4096
4096
4096
4096
4096
3882
1516
0
0
0
0
0
0
0
0
1952
4096
4096
4096
4096
4096
4096
4096
4096
2758
388
0
0
0
0
0
0
0
729
3094
4096
4096
4096
4096
4096
4096
4096
3974
1593
0
0
0
0
0
0
0
0
1876
4096
4096
4096
4096
4096
4096
4096
4096
2858
463
0
0
0
0
0
0
0
655
3037
4096
4096
4096
4096
4096
4096
4096
4057
1714
0
0
0
0
0
0
0
0
1819
4096
4096
4096
4096
4096
4096
4096
4096
2956
567
0
0
0
0
0
0
0
556
2955
4096
4096
4096
4096
4096
4096
4096
4096
1764
0
0
0
0
0
0
0
0
1683
4069
4096
4096
4096
4096
4096
4096
4096
2999
646
0
0
0
0
0
0
0
470
2840
4096
4096
4096
4096
4096
4096
4096
4096
1860
0
0
0
0
0
0
0
0
1619
3966
4096
4096
4096
4096
4096
4096
4096
3099
712
0
0
0
0
0
0
0
389
2787
4096
4096
4096
4096
4096
4096
4096
4096
1933
0
0
0
0
0
0
0
0
1535
3854
4096
4096
4096
4096
4096
4096
4096
3137
807
0
0
0
0
0
0
101
1164
2376
3510
4096
4096
4096
4096
4096
4096
3232
2010
851
0
0
0
0
0
0
593
1759
2922
4009
4096
4096
4096
4096
4096
3800
2668
1457
371
0
0
0
0
0
70
1112
2334
3462
4096
4096
4096
4096
4096
4096
3280
2096
930
0
0
0
0
0
0
576
1682
2891
3982
4096
4096
4096
4096
4096
3804
2734
1534
385
0
0
0
0
0
0
1090
2289
3476
4096
4096
4096
4096
4096
4096
3325
2127
968
0
0
0
0
0
0
495
1637
2859
3925
4096
4096
4096
4096
4096
3842
2735
1592
448
0
0
0
0
0
11
1062
2207
3358
4096
4096
4096
4096
4096
4096
3358
2186
1010
0
0
0
0
0
0
486
1624
2819
3906
4096
4096
4096
4096
4096
3881
2795
1602
478
0
0
0
0
0
0
1001
2168
3348
4096
4096
4096
4096
4096
4096
3423
2233
1053
0
0
0
0
0
0
428
1577
2746
3842
4096
4096
4096
4096
4096
3938
2854
1655
480
0
0
0
0
0
0
977
2116
3301
4096
4096
4096
4096
4096
4096
3430
2235
1077
16
0
0
0
0
0
417
1507
2723
3811
4096
4096
4096
4096
4096
3922
2833
1701
553
0
0
0
0
0
0
915
2133
3287
4096
4096
4096
4096
4096
4096
3489
2311
1113
32
0
0
0
0
0
383
1470
2666
3796
4096
4096
4096
4096
4096
4019
2904
1748
1305
764
518
305
361
560
961
1440
1998
2630
3187
3507
3774
3797
3653
3286
2818
2199

2031
4096
4096
4096
4096
4096
4096
4096
4096
2605
267
0
0
0
0
0
0
0
827
3169
4096
4096
4096
4096
4096
4096
4096
3847
1556
0
0
0
0
0
0
0
0
1959
4096
4096
4096
4096
4096
4096
4096
4096
2755
367
0
0
0
0
0
0
0
743
3090
4096
4096
4096
4096
4096
4096
4096
3970
1622
0
0
0
0
0
0
0
0
1898
4096
4096
4096
4096
4096
4096
4096
4096
2833
516
0
0
0
0
0
0
0
619
3013
4096
4096
4096
4096
4096
4096
4096
4056
1694
0
0
0
0
0
0
0
0
1777
4096
4096
4096
4096
4096
4096
4096
4096
2932
558
0
0
0
0
0
0
0
564
2936
4096
4096
4096
4096
4096
4096
4096
4096
1813
0
0
0
0
0
0
0
0
1677
4046
4096
4096
4096
4096
4096
4096
4096
3027
622
0
0
0
0
0
0
0
480
2860
4096
4096
4096
4096
4096
4096
4096
4096
1866
0
0
0
0
0
0
0
0
1582
3934
4096
4096
4096
4096
4096
4096
4096
3100
669
0
0
0
0
0
0
0
419
2737
4096
4096
4096
4096
4096
4096
4096
4096
1948
0
0
0
0
0
0
0
0
1515
3876
4096
4096
4096
4096
4096
4096
4096
3178
810
0
0
0
0
0
0
0
277
2669
4096
4096
4096
4096
4096
4096
4096
4096
2023
0
0
0
0
0
0
0
0
1421
3820
4096
4096
4096
4096
4096
4096
4096
3281
910
0
0
0
0
0
0
0
216
2563
4096
4096
4096
4096
4096
4096
4096
4096
2166
0
0
0
0
0
0
0
0
1351
3698
4096
4096
4096
4096
4096
4096
4096
3363
992
0
0
0
0
0
0
0
130
2467
4096
4096
4096
4096
4096
4096
4096
4096
2214
0
0
0
0
0
0
0
0
1273
3643
4096
4096
4096
4096
4096
4096
4096
3499
1090
0
0
0
0
0
0
0
47
2414
4096
4096
4096
4096
4096
4096
4096
4096
2344
0
0
0
0
0
0
0
0
1143
3565
4096
4096
4096
4096
4096
4096
4096
3545
1162
0
0
0
0
0
0
0
0
2315
4096
4096
4096
4096
4096
4096
4096
4096
2404
69
0
0
0
0
0
0
0
1050
3464
4096
4096
4096
4096
4096
4096
4096
3623
1248
0
0
0
0
0
0
0
0
2225
4096
4096
4096
4096
4096
4096
4096
4096
2503
83
0
0
0
0
0
0
0
1000
3393
4096
4096
4096
4096
4096
4096
4096
3713
1342
0
0
0
0
0
0
0
0
2146
4096
4096
4096
4096
4096
4096
4096
4096
2551
221
0
0
0
0
0
0
0
883
3294
4096
4096
4096
4096
4096
4096
4096
3789
1422
0
0
0
0
0
0
0
0
2030
4096
4096
4096
4096
4096
4096
4096
4096
2671
287
0
0
0
0
0
0
0
804
3198
4096
4096
4096
4096
4096
4096
4096
3879
1544
0
0
0
0
0
0
0
0
1936
4096
4096
4096
4096
4096
4096
4096
4096
2743
414
0
0
0
0
0
0
0
708
3144
4096
4096
4096
4096
4096
4096
4096
4031
1618
0
0
0
0
0
0
0
0
1895
4096
4096
4096
4096
4096
4096
4096
4096
2858
481
0
0
0
0
0
0
0
630
3036
4096
4096
4096
4096
4096
4096
4096
4075
1683
0
0
0
0
0
0
0
0
1756
4096
4096
4096
4096
4096
4096
4096
4096
2932
552
0
0
0
0
0
0
0
553
2945
4096
4096
4096
4096
4096
4096
4096
4096
1792
0
0
0
0
0
0
0
0
1685
4086
4096
4096
4096
4096
4096
4096
4096
3044
633
0
0
0
0
0
0
0
478
2835
4096
4096
4096
4096
4096
4096
4096
4096
1856
0
0
0
0
0
0
0
0
1645
3988
4096
4096
4096
4096
4096
4096
4096
3119
733
0
0
0
0
0
0
0
411
2742
4096
4096
4096
4096
4096
4096
4096
4096
1975
0
0
0
0
0
0
0
0
1516
3913
4096
4096
4096
4096
4096
4096
4096
3161
823
0
0
0
0
0
0
76
1142
2358
3496
4096
4096
4096
4096
4096
4096
3226
2073
869
0
0
0
0
0
0
584
1729
2951
3998
4096
4096
4096
4096
4096
3768
2670
1532
379
0
0
0
0
0
26
1133
2297
3434
4096
4096
4096
4096
4096
4096
3248
2060
961
0
0
0
0
0
0
536
1689
2861
3986
4096
4096
4096
4096
4096
3810
2709
1544
396
0
0
0
0
0
27
1105
2223
3391
4096
4096
4096
4096
4096
4096
3345
2129
971
0
0
0
0
0
0
495
1660
2858
3953
4096
4096
4096
4096
4096
3881
2758
1555
465
0
0
0
0
0
0
1026
2195
3361
4096
4096
4096
4096
4096
4096
3366
2181
986
0
0
0
0
0
0
493
1621
2765
3906
4096
4096
4096
4096
4096
3899
2799
1611
474
0
0
0
0
0
0
993
2163
3336
4096
4096
4096
4096
4096
4096
3346
2251
1059
0
0
0
0
0
0
453
1525
2743
3859
4096
4096
4096
4096
4096
3889
2879
1625
518
0
0
0
0
0
0
972
2159
3314
4096
4096
4096
4096
4096
4096
3435
2250
1075
17
0
0
0
0
0
380
1516
2717
3851
4096
4096
4096
4096
4096
4004
2858
1683
517
0
0
0
0
0
0
931
2093
3254
4096
4096
4096
4096
4096
4096
3466
2296
1118
46
0
0
0
0
0
375
1469
2687
3782
4096
4096
4096
4096
4096
4040
2920
1753
1308
845
508
323
320
604
941
1458
2053
2627
3174
3528
3788
3797
3606
3292
2787
2182

